<?xml version="1.0"?>
<opencv_storage>
<calibration_Time>"Wed Oct 23 23:15:28 2013"</calibration_Time>
<nrOfFrames>4</nrOfFrames>
<image_Width>313</image_Width>
<image_Height>227</image_Height>
<board_Width>4</board_Width>
<board_Height>11</board_Height>
<square_Size>12.</square_Size>
<FixAspectRatio>1.</FixAspectRatio>
<!-- flags:  +fix_aspectRatio +zero_tangent_dist -->
<flagValue>10</flagValue>
<Camera_Matrix type_id="opencv-matrix">
  <rows>3</rows>
  <cols>3</cols>
  <dt>d</dt>
  <data>
    1.6835677629445632e+02 0. 1.5420257126479808e+02 0.
    1.6835677629445632e+02 1.1414946494252808e+02 0. 0. 1.</data></Camera_Matrix>
<Distortion_Coefficients type_id="opencv-matrix">
  <rows>5</rows>
  <cols>1</cols>
  <dt>d</dt>
  <data>
    -1.5979554809765623e-01 1.7814006691400577e-01 0. 0.
    -1.3502195854855639e-01</data></Distortion_Coefficients>
<Avg_Reprojection_Error>2.3844762249096230e-01</Avg_Reprojection_Error>
<Per_View_Reprojection_Errors type_id="opencv-matrix">
  <rows>4</rows>
  <cols>1</cols>
  <dt>f</dt>
  <data>
    3.32006603e-01 1.87029049e-01 1.99421525e-01 2.06038550e-01</data></Per_View_Reprojection_Errors>
<!-- a set of 6-tuples (rotation vector + translation vector) for each view -->
<Extrinsic_Parameters type_id="opencv-matrix">
  <rows>4</rows>
  <cols>6</cols>
  <dt>d</dt>
  <data>
    -1.0620789422552521e-01 6.7538491814674070e-02
    -1.5741962318881613e+00 -5.7666293272108348e+01
    3.8231933402500339e+01 9.8672574839115512e+01
    -1.0641783070580103e-01 4.7509178487776083e-02
    -1.5811676329580224e+00 -5.7435160310004321e+01
    4.8903838808485219e+01 1.3776797614468140e+02
    -3.0428429008387414e-01 -2.9451349685480488e-01
    -1.5125584034540842e+00 -5.9778422314780435e+01
    6.5003541308431267e+01 1.2416957849778207e+02
    -1.3111522754812635e-01 -1.7895506824780552e-01
    -1.5391240588571429e+00 -7.6578803799132871e+01
    5.8815591592956281e+01 1.1129773711850960e+02</data></Extrinsic_Parameters>
<Image_points type_id="opencv-matrix">
  <rows>4</rows>
  <cols>44</cols>
  <dt>"2f"</dt>
  <data>
    6.09487762e+01 1.75623993e+02 6.02558479e+01 1.37433807e+02
    6.03362465e+01 9.84650192e+01 6.16595497e+01 6.03553085e+01
    7.77619476e+01 1.57685944e+02 7.77839127e+01 1.17971039e+02
    7.83478088e+01 7.82899170e+01 7.98533707e+01 3.99382439e+01
    9.69069977e+01 1.78286636e+02 9.64270477e+01 1.38083374e+02
    9.62477417e+01 9.74137115e+01 9.73121414e+01 5.75686378e+01
    1.15914749e+02 1.58919418e+02 1.15393883e+02 1.17829613e+02
    1.16089981e+02 7.63264771e+01 1.16853523e+02 3.69654388e+01
    1.36730759e+02 1.80448654e+02 1.36048401e+02 1.39070816e+02
    1.36026978e+02 9.63086472e+01 1.36492065e+02 5.51543465e+01
    1.57588745e+02 1.60433990e+02 1.56935577e+02 1.17668785e+02
    1.57286789e+02 7.46716156e+01 1.57240402e+02 3.42419930e+01
    1.79703491e+02 1.82425873e+02 1.79533905e+02 1.40293518e+02
    1.78999420e+02 9.49907455e+01 1.78752563e+02 5.33986511e+01
    2.01725433e+02 1.61076752e+02 2.02468155e+02 1.17443489e+02
    2.00600647e+02 7.35464478e+01 1.99432037e+02 3.22066727e+01
    2.23561111e+02 1.83081543e+02 2.23847656e+02 1.39375793e+02
    2.23235291e+02 9.51157379e+01 2.21775986e+02 5.23156357e+01
    2.45841904e+02 1.61040771e+02 2.45736343e+02 1.17153313e+02
    2.44166855e+02 7.30254974e+01 2.42177795e+02 3.13357506e+01
    2.67126923e+02 1.82689957e+02 2.67835144e+02 1.39041199e+02
    2.66978027e+02 9.46471405e+01 2.64764832e+02 5.19178581e+01
    8.64713593e+01 1.71754517e+02 8.60863342e+01 1.43556366e+02
    8.58263702e+01 1.15421478e+02 8.60768356e+01 8.73442154e+01
    9.93304138e+01 1.58171585e+02 9.90981216e+01 1.29378448e+02
    9.91183701e+01 1.00653107e+02 9.95547791e+01 7.27289276e+01
    1.13787117e+02 1.72974091e+02 1.13323059e+02 1.43929245e+02
    1.12874100e+02 1.15065536e+02 1.13202881e+02 8.61091537e+01
    1.27490990e+02 1.59053085e+02 1.26872208e+02 1.29420349e+02
    1.27029686e+02 1.00055092e+02 1.27052307e+02 7.13659592e+01
    1.42136749e+02 1.73890976e+02 1.41784790e+02 1.44360565e+02
    1.41445007e+02 1.14555740e+02 1.41409500e+02 8.51014786e+01
    1.56982910e+02 1.59573395e+02 1.56402466e+02 1.29345856e+02
    1.56340912e+02 9.92533875e+01 1.56126770e+02 7.02034683e+01
    1.72030472e+02 1.74618744e+02 1.71898163e+02 1.44530075e+02
    1.71370377e+02 1.13946007e+02 1.71105423e+02 8.37401886e+01
    1.87250977e+02 1.59712723e+02 1.87359131e+02 1.29035889e+02
    1.86804199e+02 9.87464142e+01 1.85933716e+02 6.89990158e+01
    2.02903992e+02 1.74937592e+02 2.02624130e+02 1.44339142e+02
    2.02382629e+02 1.13782845e+02 2.01532272e+02 8.33702774e+01
    2.17932495e+02 1.59554581e+02 2.17554749e+02 1.28661911e+02
    2.16933670e+02 9.83605728e+01 2.15979980e+02 6.82472839e+01
    2.33667679e+02 1.74476746e+02 2.33489761e+02 1.44041367e+02
    2.32831543e+02 1.13204903e+02 2.31638824e+02 8.29668808e+01
    7.74339905e+01 1.97510971e+02 8.24637451e+01 1.66552017e+02
    8.71003418e+01 1.37925003e+02 9.17991180e+01 1.12373199e+02
    9.45307465e+01 1.82700958e+02 9.83374786e+01 1.52734543e+02
    1.02727242e+02 1.25556129e+02 1.06456085e+02 1.00638626e+02
    1.07449020e+02 1.99913025e+02 1.11136024e+02 1.68057083e+02
    1.14478737e+02 1.39131927e+02 1.17534782e+02 1.13174469e+02
    1.24526726e+02 1.84616959e+02 1.26737297e+02 1.53720413e+02
    1.29596436e+02 1.26683563e+02 1.31920685e+02 1.01523155e+02
    1.38669540e+02 2.01867783e+02 1.40502609e+02 1.69664230e+02
    1.42165497e+02 1.40439682e+02 1.44011826e+02 1.14211548e+02
    1.54848190e+02 1.86050491e+02 1.56069092e+02 1.55052414e+02
    1.57147675e+02 1.27505310e+02 1.57962296e+02 1.02489563e+02
    1.70173096e+02 2.03313110e+02 1.70478210e+02 1.70504013e+02
    1.70732025e+02 1.41574158e+02 1.71062531e+02 1.15299019e+02
    1.85844620e+02 1.86908997e+02 1.85409866e+02 1.55968246e+02
    1.84513138e+02 1.28472382e+02 1.84028671e+02 1.03281807e+02
    2.01616089e+02 2.03931305e+02 2.00317719e+02 1.71332626e+02
    1.98899689e+02 1.42413284e+02 1.97433975e+02 1.16128197e+02
    2.15909286e+02 1.87380524e+02 2.13841370e+02 1.56801331e+02
    2.11431549e+02 1.29105194e+02 2.09306808e+02 1.04409653e+02
    2.31985306e+02 2.03931808e+02 2.29056458e+02 1.71643997e+02
    2.26179077e+02 1.42953293e+02 2.23492401e+02 1.16984558e+02
    4.73863373e+01 1.96180038e+02 4.99817543e+01 1.62464844e+02
    5.33135147e+01 1.29894592e+02 5.75214844e+01 9.93008194e+01
    6.40536652e+01 1.80266693e+02 6.73342514e+01 1.46745056e+02
    7.06332397e+01 1.14863449e+02 7.47302170e+01 8.46416321e+01
    7.91878967e+01 1.98732117e+02 8.16748123e+01 1.64145401e+02
    8.44420013e+01 1.31040222e+02 8.75406723e+01 9.98629456e+01
    9.69250412e+01 1.82138962e+02 9.89967422e+01 1.47986099e+02
    1.01942360e+02 1.15722153e+02 1.04682610e+02 8.51640320e+01
    1.13352585e+02 2.00656204e+02 1.14752602e+02 1.65659042e+02
    1.16783981e+02 1.32113937e+02 1.18876717e+02 1.00471977e+02
    1.31032578e+02 1.83507111e+02 1.32065002e+02 1.49070099e+02
    1.33665146e+02 1.16752274e+02 1.35323090e+02 8.58619843e+01
    1.47572159e+02 2.01466385e+02 1.48436371e+02 1.66756393e+02
    1.49331497e+02 1.33149536e+02 1.50468262e+02 1.01263947e+02
    1.65174515e+02 1.84185272e+02 1.65868134e+02 1.50003754e+02
    1.66019897e+02 1.17426941e+02 1.66234360e+02 8.70351715e+01
    1.81697693e+02 2.01822815e+02 1.81863464e+02 1.67156281e+02
    1.81758591e+02 1.33869934e+02 1.81502792e+02 1.02348076e+02
    1.98238510e+02 1.84247330e+02 1.97888275e+02 1.50621872e+02
    1.97068192e+02 1.18462379e+02 1.96317978e+02 8.81453705e+01
    2.15171921e+02 2.01317810e+02 2.14266159e+02 1.67208389e+02
    2.13232773e+02 1.34367950e+02 2.11872360e+02 1.03403893e+02</data></Image_points>
</opencv_storage>
