<?xml version="1.0"?>
<opencv_storage>
<calibration_Time>"Thu Oct 24 11:39:00 2013"</calibration_Time>
<nrOfFrames>10</nrOfFrames>
<image_Width>165</image_Width>
<image_Height>120</image_Height>
<board_Width>4</board_Width>
<board_Height>11</board_Height>
<square_Size>13.</square_Size>
<FixAspectRatio>1.</FixAspectRatio>
<!-- flags:  +fix_aspectRatio +fix_principal_point +zero_tangent_dist -->
<flagValue>14</flagValue>
<Camera_Matrix type_id="opencv-matrix">
  <rows>3</rows>
  <cols>3</cols>
  <dt>d</dt>
  <data>
    9.0074389264705701e+01 0. 82. 0. 9.0074389264705701e+01
    5.9500000000000000e+01 0. 0. 1.</data></Camera_Matrix>
<Distortion_Coefficients type_id="opencv-matrix">
  <rows>5</rows>
  <cols>1</cols>
  <dt>d</dt>
  <data>
    -8.6988070869883430e-02 1.0619017557623216e-02 0. 0.
    -1.9599069158444036e-02</data></Distortion_Coefficients>
<Avg_Reprojection_Error>9.0151792207297826e-02</Avg_Reprojection_Error>
<Per_View_Reprojection_Errors type_id="opencv-matrix">
  <rows>10</rows>
  <cols>1</cols>
  <dt>f</dt>
  <data>
    7.62679279e-02 8.25900435e-02 7.68015087e-02 7.87068307e-02
    7.58775398e-02 9.51591209e-02 8.45168978e-02 8.11469704e-02
    1.25781417e-01 1.10366426e-01</data></Per_View_Reprojection_Errors>
<!-- a set of 6-tuples (rotation vector + translation vector) for each view -->
<Extrinsic_Parameters type_id="opencv-matrix">
  <rows>10</rows>
  <cols>6</cols>
  <dt>d</dt>
  <data>
    1.7627509742965305e-01 1.1981054222534991e-01 1.5371474590533505e+00
    7.7530184744362231e+01 -3.0980178611226361e+01
    1.6015749872236353e+02 5.8753419202516761e-02 5.0540353328822485e-01
    1.5626941071887264e+00 1.1480172898527547e+02
    -1.1875984218047060e+01 1.4736619280204820e+02
    3.3132965545778220e-01 -2.4652481859891325e-02
    1.4719666353301326e+00 9.0214713400317478e+01
    -4.1206438782619607e+01 1.4801505248963008e+02
    5.6315280789679414e-02 -1.1497037262445620e-01
    1.2683357507937267e+00 7.4468821075270071e+01
    -1.0149972613320048e+02 1.7440587247309043e+02
    -4.7782778380412276e-02 -1.2404661723994774e-01
    1.0505162120258664e+00 5.6686159097330346e+01
    -1.0791149920577514e+02 1.7348579245835353e+02
    -8.3034843139009495e-02 -4.0636551551391320e-01
    -5.9588146200236523e-02 -8.6303639790991724e+01
    -5.8458692205707898e+01 1.4312472418241941e+02
    2.6579598272347621e-01 -2.4045836577195787e-01
    8.9170770843293529e-02 -5.4874719459134489e+01
    -7.2338887898590841e+01 1.1794754109868012e+02
    -4.5983747769427119e-01 -8.7440639708943918e-02
    4.7325918288006509e-02 -6.7892543526263680e+01
    -5.3315847110787409e+01 1.9515248564647274e+02
    -1.4762937933525189e-01 -6.9060367753763022e-02
    -7.4389983051756980e-01 -7.6885906708262183e+01
    -2.2402302210904750e+01 1.3454009389092226e+02
    1.5015916034026780e-01 -3.3280429577166221e-01
    -1.6399846194137573e+00 -4.8595040651426039e+01
    6.4172983441591910e+01 1.0791897812468245e+02</data></Extrinsic_Parameters>
<Image_points type_id="opencv-matrix">
  <rows>10</rows>
  <cols>44</cols>
  <dt>"2f"</dt>
  <data>
    1.24622322e+02 4.24624176e+01 1.24933693e+02 5.67659302e+01
    1.25084770e+02 7.09183731e+01 1.25071777e+02 8.46977005e+01
    1.17482407e+02 4.99257545e+01 1.17815277e+02 6.39910965e+01
    1.17885460e+02 7.78781128e+01 1.17825546e+02 9.13890610e+01
    1.10071587e+02 4.30802841e+01 1.10499245e+02 5.72465439e+01
    1.10661781e+02 7.10138931e+01 1.10737793e+02 8.46352005e+01
    1.03091537e+02 5.03230476e+01 1.03579155e+02 6.43401184e+01
    1.03794189e+02 7.78593597e+01 1.03970367e+02 9.10467300e+01
    9.60284653e+01 4.38658142e+01 9.63824997e+01 5.75399704e+01
    9.66622696e+01 7.12061920e+01 9.69051285e+01 8.43551636e+01
    8.92095795e+01 5.09816742e+01 8.97463684e+01 6.45026855e+01
    9.01207581e+01 7.77991562e+01 9.03686829e+01 9.06771393e+01
    8.24990005e+01 4.45416565e+01 8.28753433e+01 5.79503059e+01
    8.32346268e+01 7.11814041e+01 8.38027496e+01 8.41278076e+01
    7.62763290e+01 5.15189056e+01 7.65756454e+01 6.46649704e+01
    7.69860535e+01 7.76177750e+01 7.75392990e+01 9.02387238e+01
    6.97316208e+01 4.52958832e+01 7.02397003e+01 5.83197479e+01
    7.05711594e+01 7.11832275e+01 7.10480728e+01 8.38202515e+01
    6.39429245e+01 5.20644341e+01 6.44081497e+01 6.48452682e+01
    6.48094406e+01 7.73865967e+01 6.54715195e+01 8.96970367e+01
    5.78327446e+01 4.60560341e+01 5.83232994e+01 5.86896896e+01
    5.87745285e+01 7.11100311e+01 5.93879089e+01 8.33732452e+01
    1.48326782e+02 5.26719131e+01 1.50224808e+02 6.74526825e+01
    1.51709961e+02 8.33591309e+01 1.52582535e+02 1.00153648e+02
    1.41401443e+02 6.00863228e+01 1.42796249e+02 7.52887039e+01
    1.43651337e+02 9.15231934e+01 1.44045792e+02 1.08508621e+02
    1.32642151e+02 5.32779198e+01 1.33826050e+02 6.75905380e+01
    1.34838684e+02 8.31278458e+01 1.35471863e+02 9.95362854e+01
    1.25384918e+02 6.04849281e+01 1.26188736e+02 7.50808258e+01
    1.26786430e+02 9.08261261e+01 1.26988899e+02 1.07449364e+02
    1.17463516e+02 5.39766235e+01 1.17958466e+02 6.77327652e+01
    1.18318947e+02 8.25128174e+01 1.18513229e+02 9.84067917e+01
    1.10356400e+02 6.08140945e+01 1.10516174e+02 7.48270035e+01
    1.10517784e+02 8.98167953e+01 1.10335152e+02 1.05794670e+02
    1.03409386e+02 5.45628548e+01 1.03246048e+02 6.77409439e+01
    1.03000961e+02 8.18885345e+01 1.02782822e+02 9.69857635e+01
    9.66128540e+01 6.11892090e+01 9.62971725e+01 7.45066147e+01
    9.57584076e+01 8.87649765e+01 9.50699310e+01 1.03989586e+02
    9.04879837e+01 5.51725540e+01 8.99701767e+01 6.77423859e+01
    8.91031036e+01 8.11265335e+01 8.84415817e+01 9.55006638e+01
    8.42193604e+01 6.14298439e+01 8.31870575e+01 7.41502991e+01
    8.23983612e+01 8.77126083e+01 8.12842636e+01 1.02084061e+02
    7.86250839e+01 5.56918945e+01 7.77930069e+01 6.76932831e+01
    7.66189194e+01 8.04921341e+01 7.56395798e+01 9.40585785e+01
    1.34778961e+02 3.53560753e+01 1.34780579e+02 5.03983459e+01
    1.34504288e+02 6.45657501e+01 1.33914017e+02 7.76661530e+01
    1.27221558e+02 4.35595741e+01 1.27226234e+02 5.80634422e+01
    1.27105362e+02 7.15694199e+01 1.26728958e+02 8.40373154e+01
    1.19291489e+02 3.66981506e+01 1.19738388e+02 5.14676781e+01
    1.19894279e+02 6.52755127e+01 1.19935471e+02 7.81520462e+01
    1.12055298e+02 4.49244614e+01 1.12527428e+02 5.89647331e+01
    1.12856552e+02 7.21802673e+01 1.13064209e+02 8.44008331e+01
    1.04127975e+02 3.80690002e+01 1.04919113e+02 5.26085205e+01
    1.05724892e+02 6.61012650e+01 1.06192902e+02 7.85872040e+01
    9.72399445e+01 4.60822220e+01 9.83288040e+01 5.98937683e+01
    9.90812225e+01 7.27431488e+01 9.99354630e+01 8.46609268e+01
    8.97035980e+01 3.96249313e+01 9.08375778e+01 5.36277008e+01
    9.20822830e+01 6.67722321e+01 9.29837570e+01 7.89653320e+01
    8.34291534e+01 4.73073616e+01 8.47631989e+01 6.06612816e+01
    8.61359329e+01 7.32072296e+01 8.71318283e+01 8.48448715e+01
    7.60242996e+01 4.10471802e+01 7.76307297e+01 5.46331673e+01
    7.89954071e+01 6.73392563e+01 8.05181808e+01 7.92435608e+01
    7.04497910e+01 4.85333939e+01 7.22257080e+01 6.14766769e+01
    7.38402634e+01 7.35957794e+01 7.52772293e+01 8.48936615e+01
    6.31770592e+01 4.25098305e+01 6.50893936e+01 5.55907249e+01
    6.69274368e+01 6.78637390e+01 6.86823959e+01 7.94003525e+01
    1.18564995e+02 9.48975182e+00 1.22247101e+02 2.18516865e+01
    1.25565521e+02 3.41328430e+01 1.28493683e+02 4.63550491e+01
    1.14706253e+02 1.71057034e+01 1.18239876e+02 2.96374493e+01
    1.21342171e+02 4.20062141e+01 1.24374619e+02 5.41028862e+01
    1.06840965e+02 1.24596844e+01 1.10575409e+02 2.50507240e+01
    1.14000343e+02 3.76362915e+01 1.17061615e+02 4.99222794e+01
    1.02643288e+02 2.04617176e+01 1.06273445e+02 3.31463203e+01
    1.09742790e+02 4.56138191e+01 1.12812874e+02 5.77924728e+01
    9.46131668e+01 1.58233461e+01 9.83454208e+01 2.86000080e+01
    1.02026329e+02 4.11496506e+01 1.05326073e+02 5.36084976e+01
